
N 0    1.516108   0.912948  -0.564940 
C 0    0.254108   0.804948  -0.564940 
C 0   -0.331892  -0.608052   0.102060           
O 0   -1.268892  -0.947052   0.842060           

C 2 CBCA 3 CBCAC 4 CBCACO          
C 5 CCCB 2 CCCBCA 3 CCCBCAC          
C 5 CDCB 2 CDCBCA 3 CDCBCAC          
C 6 CECC 5 CECCCB 7 CECCCBCD 
           
CBCA = 1.54
CBCAC = 105.95
CBCACO = -5.58
CCCB = 1.54
CCCBCA = 135.10
CCCBCAC = 27.26
CDCB = 1.55
CDCBCA = 82.75
CDCBCAC = -93.70
CECC = 1.50
CECCCB = 116.10
CECCCBCD = -62.06 
 
 
 
 
