N 0  -0.839573   0.007117   1.703966            
C 0  -0.315573   0.618117   0.486966             
C 0   0.589427  -0.294883  -0.356034             
O 0   0.529427  -0.248883  -1.590034   
C 2 CBCA  3 CBCAC 4 CBCACO       
C 5 CCCB 2 CCCBCA 1 CCCBCAN         
C 6 CDCC 5 CDCCCB 2 CDCCCBCA           
C 6 CECC 5 CECCCB 2 CECCCBCA


CBCA = 1.56      
CBCAC =107.77
CBCACO = -99.17
CCCB = 1.55   
CCCBCA = 115.33
CCCBCAN = 166.86
CDCC = 1.52
CDCCCB = 109.06
CDCCCBCA = -63.45
CECC = 1.51
CECCCB = 108.84
CECCCBCA = 173.17
