N 0   1.024862  -0.054031  -1.345217
C 0   0.652862   0.740969  -0.142217
C 0  -0.112138  -0.197031   0.814783           
O 0  -1.303138  -0.361031   0.672783          
C 2 CBCA 3 CBCAC 4 CBCACO
C 5 CCCB 2 CCCBCA 3 CCCBCAC
S 6 SCC 5 SCCCB 2 SCCCBCA            
C 7  CDS 6 CDSCC 5 CDSCCCB  
     
CBCA = 1.55
CBCAC = 109.73
CBCACO = 36.56
CCCB = 1.53
CCCBCA = 110.56
CCCBCAC = 69.24
SCC = 1.80
SCCCB = 108.70
SCCCBCA = 178.53
CDSCC = 102.69
CDS = 1.81
CDSCCCB = -77.64

